[gd_scene load_steps=8 format=2]

[ext_resource path="res://game/someone.tscn" type="PackedScene" id=1]
[ext_resource path="res://gameover.gd" type="Script" id=2]
[ext_resource path="res://game/ground/Floor.tscn" type="PackedScene" id=3]
[ext_resource path="res://gui/fonts/regular.ttf" type="DynamicFontData" id=4]
[ext_resource path="res://gui/theme.tres" type="Theme" id=5]

[sub_resource type="DynamicFont" id=2]
size = 48
font_data = ExtResource( 4 )

[sub_resource type="DynamicFont" id=3]
size = 20
font_data = ExtResource( 4 )

[node name="Gameover" type="Control"]
anchor_right = 1.0
anchor_bottom = 1.0
theme = ExtResource( 5 )
script = ExtResource( 2 )

[node name="ColorRect" type="ColorRect" parent="."]
anchor_right = 1.0
anchor_bottom = 1.0
color = Color( 0.164706, 0.533333, 0.886275, 0.560784 )

[node name="background" type="Spatial" parent="."]

[node name="Floor" parent="background" instance=ExtResource( 3 )]
transform = Transform( 1, 0, 0, 0, 1, 0, 0, 0, 1, 0, -4.71774, 0 )

[node name="Camera" type="Camera" parent="background"]
transform = Transform( 0.989278, -0.102634, 0.103903, 0, 0.71144, 0.702747, -0.146046, -0.695212, 0.703811, 0.909514, 4.57472, 2.0699 )

[node name="someone" parent="background" instance=ExtResource( 1 )]
transform = Transform( 0.845905, 0, -0.533334, 0, 1, 0, 0.533334, 0, 0.845905, 4.07156, -3.77984, -3.76797 )

[node name="DirectionalLight" type="DirectionalLight" parent="background"]
transform = Transform( 0.924173, 0.107585, 0.36651, -0.381974, 0.260298, 0.886759, 0, -0.959516, 0.281655, 0, 1.61756, 0 )
shadow_enabled = true

[node name="Title" type="Label" parent="."]
margin_left = 24.0
margin_top = 32.0
margin_right = 402.0
margin_bottom = 112.0
custom_fonts/font = SubResource( 2 )
text = "Welcome to the afterlife..."

[node name="VBoxContainer" type="VBoxContainer" parent="."]
margin_left = 24.0
margin_top = 128.0
margin_right = 458.0
margin_bottom = 387.0
custom_constants/separation = 20

[node name="Credits" type="Label" parent="VBoxContainer"]
margin_right = 434.0
margin_bottom = 213.0
custom_fonts/font = SubResource( 3 )
text = "I looked Death in the face last night
I saw him in a mirror
And he simply smiled
He told me not to worry
He told me just to take my time
                              -Oingo Boingo"

[node name="Continue" type="Button" parent="VBoxContainer"]
margin_top = 233.0
margin_right = 434.0
margin_bottom = 275.0
text = "Continue"

[connection signal="pressed" from="VBoxContainer/Continue" to="." method="_on_Continue_pressed"]
