[gd_scene load_steps=6 format=2]

[ext_resource path="res://gui/fonts/regular.ttf" type="DynamicFontData" id=1]
[ext_resource path="res://game/someone.tscn" type="PackedScene" id=2]
[ext_resource path="res://gui/theme.tres" type="Theme" id=3]
[ext_resource path="res://game/ground/Floor.tscn" type="PackedScene" id=5]

[sub_resource type="DynamicFont" id=1]
size = 64
extra_spacing_bottom = -30
font_data = ExtResource( 1 )

[node name="Screenshot" type="Control"]
anchor_right = 1.0
anchor_bottom = 1.0
theme = ExtResource( 3 )

[node name="background" type="Spatial" parent="."]

[node name="Floor" parent="background" instance=ExtResource( 5 )]
transform = Transform( 1, 0, 0, 0, 0.983022, -0.183488, 0, 0.183488, 0.983022, 0, -4.71774, 0 )

[node name="Camera" type="Camera" parent="background"]
transform = Transform( 0.979917, -0.122579, -0.157283, 0.0371997, 0.887274, -0.45974, 0.195907, 0.444656, 0.874015, -1.48193, -1.62741, 0.366708 )

[node name="someone" parent="background" instance=ExtResource( 2 )]
transform = Transform( 0.992045, 0.0944568, -0.0832155, -0.0898195, 0.994278, 0.0578186, 0.088201, -0.0498843, 0.994853, 1.38432, -1.93046, -3.34205 )

[node name="DirectionalLight" type="DirectionalLight" parent="background"]
transform = Transform( 0.924173, 0.107585, 0.36651, -0.381974, 0.260298, 0.886759, 0, -0.959516, 0.281655, 0, 1.61756, 0 )
shadow_enabled = true

[node name="Title" type="Label" parent="."]
margin_left = 85.0
margin_top = 67.0
margin_right = 527.0
margin_bottom = 375.0
custom_fonts/font = SubResource( 1 )
text = "Welcome to the afterlife..."
autowrap = true
